
 *GET  ACTIVEUNITS  FROM  ACTI  ITEM=UNIT       VALUE=  5.00000000    

 *** MAPDL - ENGINEERING ANALYSIS SYSTEM  RELEASE 2025 R2          25.2     ***
 Ansys Mechanical Enterprise Academic Student      
 01055371  VERSION=WINDOWS x64   15:00:54  DEC 06, 2025 CP=      1.875

 simulazioneTrasduttoreUltrasonicoConConcentratore--Harmonic Response (E3)     



          ***** MAPDL POST26 VARIABLE LISTING *****


    FREQ                 6 REAL                      7 IMAG    
                      IMPD_REA                    IMPD_IMA
                      L                           G       
                    REAL       IMAGINARY        REAL       IMAGINARY    
    15100.       0.00000       0.00000      -3857.84       0.00000     
    15200.       0.00000       0.00000      -3831.73       0.00000     
    15300.       0.00000       0.00000      -3805.94       0.00000     
    15400.       0.00000       0.00000      -3780.46       0.00000     
    15500.       0.00000       0.00000      -3755.29       0.00000     
    15600.       0.00000       0.00000      -3730.43       0.00000     
    15700.       0.00000       0.00000      -3705.85       0.00000     
    15800.       0.00000       0.00000      -3681.57       0.00000     
    15900.       0.00000       0.00000      -3657.56       0.00000     
    16000.       0.00000       0.00000      -3633.83       0.00000     
    16100.       0.00000       0.00000      -3610.37       0.00000     
    16200.       0.00000       0.00000      -3587.16       0.00000     
    16300.       0.00000       0.00000      -3564.22       0.00000     
    16400.       0.00000       0.00000      -3541.52       0.00000     
    16500.       0.00000       0.00000      -3519.07       0.00000     
    16600.       0.00000       0.00000      -3496.85       0.00000     
    16700.       0.00000       0.00000      -3474.86       0.00000     
    16800.       0.00000       0.00000      -3453.10       0.00000     
    16900.       0.00000       0.00000      -3431.56       0.00000     
    17000.       0.00000       0.00000      -3410.23       0.00000     
    17100.       0.00000       0.00000      -3389.10       0.00000     
    17200.       0.00000       0.00000      -3368.18       0.00000     
    17300.       0.00000       0.00000      -3347.45       0.00000     
    17400.       0.00000       0.00000      -3326.90       0.00000     
    17500.       0.00000       0.00000      -3306.54       0.00000     
    17600.       0.00000       0.00000      -3286.34       0.00000     
    17700.       0.00000       0.00000      -3266.32       0.00000     
    17800.       0.00000       0.00000      -3246.45       0.00000     
    17900.       0.00000       0.00000      -3226.74       0.00000     
    18000.       0.00000       0.00000      -3207.17       0.00000     
    18100.       0.00000       0.00000      -3187.73       0.00000     
    18200.       0.00000       0.00000      -3168.43       0.00000     
    18300.       0.00000       0.00000      -3149.23       0.00000     
    18400.       0.00000       0.00000      -3130.15       0.00000     
    18500.       0.00000       0.00000      -3111.16       0.00000     
    18600.       0.00000       0.00000      -3092.25       0.00000     
    18700.       0.00000       0.00000      -3073.41       0.00000     
    18800.       0.00000       0.00000      -3054.60       0.00000     
    18900.       0.00000       0.00000      -3050.17       0.00000     
    19000.       0.00000       0.00000      -3017.34       0.00000     
    19100.       0.00000       0.00000      -2998.61       0.00000     
    19200.       0.00000       0.00000      -2979.90       0.00000     
    19300.       0.00000       0.00000      -2961.15       0.00000     
    19400.       0.00000       0.00000      -2942.34       0.00000     
    19500.       0.00000       0.00000      -2923.44       0.00000     
    19600.       0.00000       0.00000      -2904.40       0.00000     
    19700.       0.00000       0.00000      -2885.18       0.00000     
    19800.       0.00000       0.00000      -2865.74       0.00000     
    19900.       0.00000       0.00000      -2846.01       0.00000     
    20000.       0.00000       0.00000      -2825.91       0.00000     
    20100.       0.00000       0.00000      -2805.35       0.00000     
    20200.       0.00000       0.00000      -2784.22       0.00000     
    20300.       0.00000       0.00000      -2762.38       0.00000     
    20400.       0.00000       0.00000      -2739.65       0.00000     
    20500.       0.00000       0.00000      -2715.78       0.00000     
    20600.       0.00000       0.00000      -2690.47       0.00000     
    20700.       0.00000       0.00000      -2663.30       0.00000     
    20800.       0.00000       0.00000      -2633.67       0.00000     
    20900.       0.00000       0.00000      -2600.75       0.00000     
    21000.       0.00000       0.00000      -2563.30       0.00000     
    21100.       0.00000       0.00000      -2519.39       0.00000     
    21200.       0.00000       0.00000      -2465.87       0.00000     
    21300.       0.00000       0.00000      -2397.20       0.00000     
    21400.       0.00000       0.00000      -2302.65       0.00000     
    21500.       0.00000       0.00000      -2158.33       0.00000     
    21600.       0.00000       0.00000      -1898.33       0.00000     
    21700.       0.00000       0.00000      -1249.00       0.00000     
    21800.       0.00000       0.00000       4124.88       0.00000     
    21900.       0.00000       0.00000      -5179.93       0.00000     
    22000.       0.00000       0.00000      -3716.54       0.00000     
    22100.       0.00000       0.00000      -3316.11       0.00000     
    22200.       0.00000       0.00000      -3123.91       0.00000     
    22300.       0.00000       0.00000      -3007.95       0.00000     
    22400.       0.00000       0.00000      -2928.37       0.00000     
    22500.       0.00000       0.00000      -2869.01       0.00000     
    22600.       0.00000       0.00000      -2822.05       0.00000     
    22700.       0.00000       0.00000      -2783.27       0.00000     
    22800.       0.00000       0.00000      -2750.17       0.00000     
    22900.       0.00000       0.00000      -2721.20       0.00000     
    23000.       0.00000       0.00000      -2695.31       0.00000     
    23100.       0.00000       0.00000      -2671.82       0.00000     
    23200.       0.00000       0.00000      -2650.20       0.00000     
    23300.       0.00000       0.00000      -2630.11       0.00000     
    23400.       0.00000       0.00000      -2611.25       0.00000     
    23500.       0.00000       0.00000      -2593.44       0.00000     
    23600.       0.00000       0.00000      -2576.50       0.00000     
    23700.       0.00000       0.00000      -2560.31       0.00000     
    23800.       0.00000       0.00000      -2544.76       0.00000     
    23900.       0.00000       0.00000      -2529.78       0.00000     
    24000.       0.00000       0.00000      -2515.30       0.00000     
    24100.       0.00000       0.00000      -2501.26       0.00000     
    24200.       0.00000       0.00000      -2487.61       0.00000     
    24300.       0.00000       0.00000      -2474.32       0.00000     
    24400.       0.00000       0.00000      -2461.36       0.00000     
    24500.       0.00000       0.00000      -2448.69       0.00000     
    24600.       0.00000       0.00000      -2436.28       0.00000     
    24700.       0.00000       0.00000      -2424.13       0.00000     
    24800.       0.00000       0.00000      -2412.21       0.00000     
    24900.       0.00000       0.00000      -2400.51       0.00000     
    25000.       0.00000       0.00000      -2389.00       0.00000     
    25100.       0.00000       0.00000      -2377.69       0.00000     
    25200.       0.00000       0.00000      -2366.55       0.00000     
    25300.       0.00000       0.00000      -2355.58       0.00000     
    25400.       0.00000       0.00000      -2344.76       0.00000     
    25500.       0.00000       0.00000      -2334.10       0.00000     
    25600.       0.00000       0.00000      -2323.58       0.00000     
    25700.       0.00000       0.00000      -2313.20       0.00000     
    25800.       0.00000       0.00000      -2302.94       0.00000     
    25900.       0.00000       0.00000      -2292.81       0.00000     
    26000.       0.00000       0.00000      -2282.80       0.00000     
    26100.       0.00000       0.00000      -2272.91       0.00000     
    26200.       0.00000       0.00000      -2263.13       0.00000     
    26300.       0.00000       0.00000      -2253.45       0.00000     
    26400.       0.00000       0.00000      -2243.88       0.00000     
    26500.       0.00000       0.00000      -2234.40       0.00000     
    26600.       0.00000       0.00000      -2225.02       0.00000     
    26700.       0.00000       0.00000      -2215.74       0.00000     
    26800.       0.00000       0.00000      -2206.55       0.00000     
    26900.       0.00000       0.00000      -2197.44       0.00000     
    27000.       0.00000       0.00000      -2188.42       0.00000     
    27100.       0.00000       0.00000      -2179.49       0.00000     
    27200.       0.00000       0.00000      -2170.63       0.00000     
    27300.       0.00000       0.00000      -2161.86       0.00000     
    27400.       0.00000       0.00000      -2153.16       0.00000     
    27500.       0.00000       0.00000      -2144.53       0.00000     
    27600.       0.00000       0.00000      -2135.98       0.00000     
    27700.       0.00000       0.00000      -2127.50       0.00000     
    27800.       0.00000       0.00000      -2119.09       0.00000     
    27900.       0.00000       0.00000      -2110.75       0.00000     
    28000.       0.00000       0.00000      -2102.48       0.00000     
    28100.       0.00000       0.00000      -2094.27       0.00000     
    28200.       0.00000       0.00000      -2086.13       0.00000     
    28300.       0.00000       0.00000      -2078.04       0.00000     
    28400.       0.00000       0.00000      -2070.02       0.00000     
    28500.       0.00000       0.00000      -2062.06       0.00000     
    28600.       0.00000       0.00000      -2054.16       0.00000     
    28700.       0.00000       0.00000      -2046.32       0.00000     
    28800.       0.00000       0.00000      -2038.53       0.00000     
    28900.       0.00000       0.00000      -2030.80       0.00000     
    29000.       0.00000       0.00000      -2023.12       0.00000     
    29100.       0.00000       0.00000      -2015.49       0.00000     
    29200.       0.00000       0.00000      -2007.92       0.00000     
    29300.       0.00000       0.00000      -2000.40       0.00000     
    29400.       0.00000       0.00000      -1992.93       0.00000     
    29500.       0.00000       0.00000      -1985.50       0.00000     
    29600.       0.00000       0.00000      -1978.12       0.00000     
    29700.       0.00000       0.00000      -1970.79       0.00000     
    29800.       0.00000       0.00000      -1963.51       0.00000     
    29900.       0.00000       0.00000      -1956.25       0.00000     
    30000.       0.00000       0.00000      -1948.96       0.00000     
    30100.       0.00000       0.00000      -1942.05       0.00000     
    30200.       0.00000       0.00000      -1934.89       0.00000     
    30300.       0.00000       0.00000      -1927.81       0.00000     
    30400.       0.00000       0.00000      -1920.78       0.00000     
    30500.       0.00000       0.00000      -1913.80       0.00000     
    30600.       0.00000       0.00000      -1906.85       0.00000     
    30700.       0.00000       0.00000      -1899.95       0.00000     
    30800.       0.00000       0.00000      -1893.08       0.00000     
    30900.       0.00000       0.00000      -1886.25       0.00000     
    31000.       0.00000       0.00000      -1879.45       0.00000     
    31100.       0.00000       0.00000      -1872.69       0.00000     
    31200.       0.00000       0.00000      -1865.97       0.00000     
    31300.       0.00000       0.00000      -1859.27       0.00000     
    31400.       0.00000       0.00000      -1852.61       0.00000     
    31500.       0.00000       0.00000      -1845.98       0.00000     
    31600.       0.00000       0.00000      -1839.38       0.00000     
    31700.       0.00000       0.00000      -1832.81       0.00000     
    31800.       0.00000       0.00000      -1826.27       0.00000     
    31900.       0.00000       0.00000      -1819.75       0.00000     
    32000.       0.00000       0.00000      -1813.27       0.00000     
    32100.       0.00000       0.00000      -1806.80       0.00000     
    32200.       0.00000       0.00000      -1800.37       0.00000     
    32300.       0.00000       0.00000      -1793.95       0.00000     
    32400.       0.00000       0.00000      -1787.56       0.00000     
    32500.       0.00000       0.00000      -1781.19       0.00000     
    32600.       0.00000       0.00000      -1774.84       0.00000     
    32700.       0.00000       0.00000      -1768.51       0.00000     
    32800.       0.00000       0.00000      -1762.20       0.00000     
    32900.       0.00000       0.00000      -1755.90       0.00000     
    33000.       0.00000       0.00000      -1749.62       0.00000     
    33100.       0.00000       0.00000      -1743.35       0.00000     
    33200.       0.00000       0.00000      -1737.09       0.00000     
    33300.       0.00000       0.00000      -1730.85       0.00000     
    33400.       0.00000       0.00000      -1724.61       0.00000     
    33500.       0.00000       0.00000      -1718.39       0.00000     
    33600.       0.00000       0.00000      -1712.16       0.00000     
    33700.       0.00000       0.00000      -1705.95       0.00000     
    33800.       0.00000       0.00000      -1699.73       0.00000     
    33900.       0.00000       0.00000      -1693.52       0.00000     
    34000.       0.00000       0.00000      -1687.30       0.00000     
    34100.       0.00000       0.00000      -1681.08       0.00000     
    34200.       0.00000       0.00000      -1674.85       0.00000     
    34300.       0.00000       0.00000      -1668.61       0.00000     
    34400.       0.00000       0.00000      -1662.36       0.00000     
    34500.       0.00000       0.00000      -1656.10       0.00000     
    34600.       0.00000       0.00000      -1649.82       0.00000     
    34700.       0.00000       0.00000      -1643.51       0.00000     
    34800.       0.00000       0.00000      -1637.18       0.00000     
    34900.       0.00000       0.00000      -1630.82       0.00000     
    35000.       0.00000       0.00000      -1624.42       0.00000     
    35100.       0.00000       0.00000      -1617.99       0.00000     
    35200.       0.00000       0.00000      -1611.51       0.00000     
    35300.       0.00000       0.00000      -1604.98       0.00000     
    35400.       0.00000       0.00000      -1598.39       0.00000     
    35500.       0.00000       0.00000      -1591.74       0.00000     
    35600.       0.00000       0.00000      -1585.01       0.00000     
    35700.       0.00000       0.00000      -1578.21       0.00000     
    35800.       0.00000       0.00000      -1571.31       0.00000     
    35900.       0.00000       0.00000      -1564.32       0.00000     
    36000.       0.00000       0.00000      -1557.21       0.00000     
    36100.       0.00000       0.00000      -1549.97       0.00000     
    36200.       0.00000       0.00000      -1542.59       0.00000     
    36300.       0.00000       0.00000      -1535.05       0.00000     
    36400.       0.00000       0.00000      -1527.33       0.00000     
    36500.       0.00000       0.00000      -1519.41       0.00000     
    36600.       0.00000       0.00000      -1511.26       0.00000     
    36700.       0.00000       0.00000      -1502.85       0.00000     
    36800.       0.00000       0.00000      -1494.14       0.00000     
    36900.       0.00000       0.00000      -1485.10       0.00000     
    37000.       0.00000       0.00000      -1475.67       0.00000     
    37100.       0.00000       0.00000      -1465.79       0.00000     
    37200.       0.00000       0.00000      -1455.40       0.00000     
    37300.       0.00000       0.00000      -1444.41       0.00000     
    37400.       0.00000       0.00000      -1432.72       0.00000     
    37500.       0.00000       0.00000      -1420.21       0.00000     
    37600.       0.00000       0.00000      -1406.70       0.00000     
    37700.       0.00000       0.00000      -1392.01       0.00000     
    37800.       0.00000       0.00000      -1375.88       0.00000     
    37900.       0.00000       0.00000      -1357.98       0.00000     
    38000.       0.00000       0.00000      -1337.86       0.00000     
    38100.       0.00000       0.00000      -1314.92       0.00000     
    38200.       0.00000       0.00000      -1288.32       0.00000     
    38300.       0.00000       0.00000      -1256.87       0.00000     
    38400.       0.00000       0.00000      -1218.78       0.00000     
    38500.       0.00000       0.00000      -1171.26       0.00000     
    38600.       0.00000       0.00000      -1109.73       0.00000     
    38700.       0.00000       0.00000      -1026.06       0.00000     
    38800.       0.00000       0.00000      -904.378       0.00000     
    38900.       0.00000       0.00000      -708.824       0.00000     
    39000.       0.00000       0.00000      -337.875       0.00000     
    39100.       0.00000       0.00000       653.156       0.00000     
    39200.       0.00000       0.00000       12408.1       0.00000     
    39300.       0.00000       0.00000      -4616.90       0.00000     
    39400.       0.00000       0.00000      -2893.81       0.00000     
    39500.       0.00000       0.00000      -2391.45       0.00000     
    39600.       0.00000       0.00000      -2150.30       0.00000     
    39700.       0.00000       0.00000      -2007.67       0.00000     
    39800.       0.00000       0.00000      -1912.76       0.00000     
    39900.       0.00000       0.00000      -1844.57       0.00000     
    40000.       0.00000       0.00000      -1792.86       0.00000     
    40100.       0.00000       0.00000      -1752.03       0.00000     
    40200.       0.00000       0.00000      -1718.75       0.00000     
    40300.       0.00000       0.00000      -1690.94       0.00000     
    40400.       0.00000       0.00000      -1667.20       0.00000     
    40500.       0.00000       0.00000      -1646.55       0.00000     
    40600.       0.00000       0.00000      -1628.65       0.00000     
    40700.       0.00000       0.00000      -1612.35       0.00000     
    40800.       0.00000       0.00000      -1597.75       0.00000     
    40900.       0.00000       0.00000      -1584.47       0.00000     
    41000.       0.00000       0.00000      -1572.28       0.00000     
    41100.       0.00000       0.00000      -1561.02       0.00000     
    41200.       0.00000       0.00000      -1550.54       0.00000     
    41300.       0.00000       0.00000      -1540.73       0.00000     
    41400.       0.00000       0.00000      -1531.51       0.00000     
    41500.       0.00000       0.00000      -1522.80       0.00000     
    41600.       0.00000       0.00000      -1514.53       0.00000     
    41700.       0.00000       0.00000      -1506.65       0.00000     
    41800.       0.00000       0.00000      -1499.13       0.00000     
    41900.       0.00000       0.00000      -1491.92       0.00000     
    42000.       0.00000       0.00000      -1484.99       0.00000     
    42100.       0.00000       0.00000      -1478.31       0.00000     
    42200.       0.00000       0.00000      -1471.86       0.00000     
    42300.       0.00000       0.00000      -1465.61       0.00000     
    42400.       0.00000       0.00000      -1459.56       0.00000     
    42500.       0.00000       0.00000      -1453.68       0.00000     
    42600.       0.00000       0.00000      -1447.95       0.00000     
    42700.       0.00000       0.00000      -1442.38       0.00000     
    42800.       0.00000       0.00000      -1436.94       0.00000     
    42900.       0.00000       0.00000      -1431.62       0.00000     
    43000.       0.00000       0.00000      -1426.42       0.00000     
    43100.       0.00000       0.00000      -1421.33       0.00000     
    43200.       0.00000       0.00000      -1416.34       0.00000     
    43300.       0.00000       0.00000      -1411.44       0.00000     
    43400.       0.00000       0.00000      -1406.63       0.00000     
    43500.       0.00000       0.00000      -1401.90       0.00000     
    43600.       0.00000       0.00000      -1397.26       0.00000     
    43700.       0.00000       0.00000      -1392.68       0.00000     
    43800.       0.00000       0.00000      -1388.18       0.00000     
    43900.       0.00000       0.00000      -1383.74       0.00000     
    44000.       0.00000       0.00000      -1379.36       0.00000     
    44100.       0.00000       0.00000      -1375.04       0.00000     
    44200.       0.00000       0.00000      -1370.78       0.00000     
    44300.       0.00000       0.00000      -1366.57       0.00000     
    44400.       0.00000       0.00000      -1362.41       0.00000     
    44500.       0.00000       0.00000      -1358.30       0.00000     
    44600.       0.00000       0.00000      -1354.23       0.00000     
    44700.       0.00000       0.00000      -1350.21       0.00000     
    44800.       0.00000       0.00000      -1346.23       0.00000     
    44900.       0.00000       0.00000      -1342.29       0.00000     
    45000.       0.00000       0.00000      -1338.39       0.00000     
    45100.       0.00000       0.00000      -1334.53       0.00000     
    45200.       0.00000       0.00000      -1330.70       0.00000     
    45300.       0.00000       0.00000      -1326.91       0.00000     
    45400.       0.00000       0.00000      -1323.15       0.00000     
    45500.       0.00000       0.00000      -1319.42       0.00000     
    45600.       0.00000       0.00000      -1315.73       0.00000     
    45700.       0.00000       0.00000      -1312.06       0.00000     
    45800.       0.00000       0.00000      -1308.42       0.00000     
    45900.       0.00000       0.00000      -1304.81       0.00000     
    46000.       0.00000       0.00000      -1301.22       0.00000     
    46100.       0.00000       0.00000      -1297.66       0.00000     
    46200.       0.00000       0.00000      -1294.13       0.00000     
    46300.       0.00000       0.00000      -1290.61       0.00000     
    46400.       0.00000       0.00000      -1287.13       0.00000     
    46500.       0.00000       0.00000      -1283.66       0.00000     
    46600.       0.00000       0.00000      -1280.21       0.00000     
    46700.       0.00000       0.00000      -1276.79       0.00000     
    46800.       0.00000       0.00000      -1273.38       0.00000     
    46900.       0.00000       0.00000      -1270.00       0.00000     
    47000.       0.00000       0.00000      -1266.63       0.00000     
    47100.       0.00000       0.00000      -1263.29       0.00000     
    47200.       0.00000       0.00000      -1259.95       0.00000     
    47300.       0.00000       0.00000      -1256.64       0.00000     
    47400.       0.00000       0.00000      -1253.34       0.00000     
    47500.       0.00000       0.00000      -1250.06       0.00000     
    47600.       0.00000       0.00000      -1246.79       0.00000     
    47700.       0.00000       0.00000      -1243.54       0.00000     
    47800.       0.00000       0.00000      -1240.30       0.00000     
    47900.       0.00000       0.00000      -1237.08       0.00000     
    48000.       0.00000       0.00000      -1233.87       0.00000     
    48100.       0.00000       0.00000      -1230.67       0.00000     
    48200.       0.00000       0.00000      -1227.48       0.00000     
    48263.       0.00000       0.00000      -1225.48       0.00000     
    48300.       0.00000       0.00000      -1224.31       0.00000     
    48400.       0.00000       0.00000      -1221.14       0.00000     
    48500.       0.00000       0.00000      -1217.99       0.00000     
    48600.       0.00000       0.00000      -1214.84       0.00000     
    48700.       0.00000       0.00000      -1211.71       0.00000     
    48800.       0.00000       0.00000      -1208.58       0.00000     
    48900.       0.00000       0.00000      -1205.47       0.00000     
    49000.       0.00000       0.00000      -1202.36       0.00000     
    49100.       0.00000       0.00000      -1199.25       0.00000     
    49200.       0.00000       0.00000      -1196.16       0.00000     
    49300.       0.00000       0.00000      -1193.07       0.00000     
    49400.       0.00000       0.00000      -1189.98       0.00000     
    49500.       0.00000       0.00000      -1186.90       0.00000     
    49600.       0.00000       0.00000      -1183.83       0.00000     
    49700.       0.00000       0.00000      -1180.76       0.00000     
    49800.       0.00000       0.00000      -1177.69       0.00000     
    49900.       0.00000       0.00000      -1174.62       0.00000     
    50000.       0.00000       0.00000      -1171.56       0.00000     
    50100.       0.00000       0.00000      -1168.49       0.00000     
    50200.       0.00000       0.00000      -1165.43       0.00000     
    50300.       0.00000       0.00000      -1162.36       0.00000     
    50400.       0.00000       0.00000      -1159.30       0.00000     
    50500.       0.00000       0.00000      -1156.23       0.00000     
    50600.       0.00000       0.00000      -1153.16       0.00000     
    50700.       0.00000       0.00000      -1150.08       0.00000     
    50800.       0.00000       0.00000      -1147.00       0.00000     
    50900.       0.00000       0.00000      -1143.91       0.00000     
    51000.       0.00000       0.00000      -1140.82       0.00000     
    51100.       0.00000       0.00000      -1137.70       0.00000     
    51200.       0.00000       0.00000      -1134.56       0.00000     
    51300.       0.00000       0.00000      -1131.82       0.00000     
    51400.       0.00000       0.00000      -1128.43       0.00000     
    51500.       0.00000       0.00000      -1125.26       0.00000     
    51600.       0.00000       0.00000      -1122.09       0.00000     
    51700.       0.00000       0.00000      -1118.90       0.00000     
    51800.       0.00000       0.00000      -1115.71       0.00000     
    51900.       0.00000       0.00000      -1112.49       0.00000     
    52000.       0.00000       0.00000      -1109.25       0.00000     
    52100.       0.00000       0.00000      -1105.98       0.00000     
    52200.       0.00000       0.00000      -1102.69       0.00000     
    52300.       0.00000       0.00000      -1099.37       0.00000     
    52400.       0.00000       0.00000      -1096.02       0.00000     
    52500.       0.00000       0.00000      -1092.63       0.00000     
    52600.       0.00000       0.00000      -1089.20       0.00000     
    52700.       0.00000       0.00000      -1085.73       0.00000     
    52800.       0.00000       0.00000      -1082.22       0.00000     
    52900.       0.00000       0.00000      -1078.65       0.00000     
    53000.       0.00000       0.00000      -1075.03       0.00000     
    53100.       0.00000       0.00000      -1071.34       0.00000     
    53200.       0.00000       0.00000      -1067.59       0.00000     
    53300.       0.00000       0.00000      -1063.77       0.00000     
    53400.       0.00000       0.00000      -1059.86       0.00000     
    53500.       0.00000       0.00000      -1055.86       0.00000     
    53600.       0.00000       0.00000      -1051.77       0.00000     
    53700.       0.00000       0.00000      -1047.57       0.00000     
    53800.       0.00000       0.00000      -1043.24       0.00000     
    53900.       0.00000       0.00000      -1038.79       0.00000     
    54000.       0.00000       0.00000      -1034.18       0.00000     
    54100.       0.00000       0.00000      -1029.41       0.00000     
    54200.       0.00000       0.00000      -1024.45       0.00000     
    54300.       0.00000       0.00000      -1019.28       0.00000     
    54400.       0.00000       0.00000      -1013.87       0.00000     
    54500.       0.00000       0.00000      -1008.20       0.00000     
    54600.       0.00000       0.00000      -1002.22       0.00000     
    54700.       0.00000       0.00000      -995.895       0.00000     
    54800.       0.00000       0.00000      -989.167       0.00000     
    54900.       0.00000       0.00000      -981.974       0.00000     
    55000.       0.00000       0.00000      -974.239       0.00000     
    55100.       0.00000       0.00000      -965.869       0.00000     
    55200.       0.00000       0.00000      -956.744       0.00000     
    55300.       0.00000       0.00000      -946.719       0.00000     
    55400.       0.00000       0.00000      -935.602       0.00000     
    55500.       0.00000       0.00000      -923.150       0.00000     
    55600.       0.00000       0.00000      -909.039       0.00000     
    55700.       0.00000       0.00000      -892.831       0.00000     
    55800.       0.00000       0.00000      -873.924       0.00000     
    55900.       0.00000       0.00000      -851.459       0.00000     
    56000.       0.00000       0.00000      -824.169       0.00000     
    56100.       0.00000       0.00000      -790.112       0.00000     
    56200.       0.00000       0.00000      -746.138       0.00000     
    56300.       0.00000       0.00000      -686.792       0.00000     
    56400.       0.00000       0.00000      -601.720       0.00000     
    56500.       0.00000       0.00000      -468.587       0.00000     
    56600.       0.00000       0.00000      -228.693       0.00000     
    56700.       0.00000       0.00000       337.868       0.00000     
    56800.       0.00000       0.00000       3377.56       0.00000     
    56900.       0.00000       0.00000      -4762.67       0.00000     
    57000.       0.00000       0.00000      -2352.10       0.00000     
    57100.       0.00000       0.00000      -1835.54       0.00000     
    57200.       0.00000       0.00000      -1609.44       0.00000     
    57300.       0.00000       0.00000      -1482.03       0.00000     
    57400.       0.00000       0.00000      -1399.90       0.00000     
    57500.       0.00000       0.00000      -1342.28       0.00000     
    57600.       0.00000       0.00000      -1299.45       0.00000     
    57700.       0.00000       0.00000      -1266.20       0.00000     
    57800.       0.00000       0.00000      -1239.52       0.00000     
    57900.       0.00000       0.00000      -1217.56       0.00000     
    58000.       0.00000       0.00000      -1199.08       0.00000     
    58100.       0.00000       0.00000      -1183.25       0.00000     
    58200.       0.00000       0.00000      -1169.49       0.00000     
    58300.       0.00000       0.00000      -1157.37       0.00000     
    58400.       0.00000       0.00000      -1146.58       0.00000     
    58500.       0.00000       0.00000      -1136.88       0.00000     
    58600.       0.00000       0.00000      -1128.07       0.00000     
    58700.       0.00000       0.00000      -1120.03       0.00000     
    58800.       0.00000       0.00000      -1112.62       0.00000     
    58900.       0.00000       0.00000      -1105.77       0.00000     
    59000.       0.00000       0.00000      -1099.39       0.00000     
    59100.       0.00000       0.00000      -1093.42       0.00000     
    59200.       0.00000       0.00000      -1087.81       0.00000     
    59300.       0.00000       0.00000      -1082.52       0.00000     
    59400.       0.00000       0.00000      -1077.50       0.00000     
    59500.       0.00000       0.00000      -1072.74       0.00000     
    59600.       0.00000       0.00000      -1068.20       0.00000     
    59700.       0.00000       0.00000      -1063.85       0.00000     
    59800.       0.00000       0.00000      -1059.69       0.00000     
    59900.       0.00000       0.00000      -1055.69       0.00000     
    60000.       0.00000       0.00000      -1051.84       0.00000     
    60100.       0.00000       0.00000      -1048.12       0.00000     
    60200.       0.00000       0.00000      -1044.53       0.00000     
    60300.       0.00000       0.00000      -1041.05       0.00000     
    60400.       0.00000       0.00000      -1037.67       0.00000     
    60500.       0.00000       0.00000      -1034.39       0.00000     
    60600.       0.00000       0.00000      -1031.20       0.00000     
    60700.       0.00000       0.00000      -1028.09       0.00000     
    60800.       0.00000       0.00000      -1025.06       0.00000     
    60900.       0.00000       0.00000      -1022.10       0.00000     
    61000.       0.00000       0.00000      -1019.20       0.00000     
    61100.       0.00000       0.00000      -1016.37       0.00000     
    61200.       0.00000       0.00000      -1013.59       0.00000     
    61300.       0.00000       0.00000      -1010.87       0.00000     
    61400.       0.00000       0.00000      -1008.20       0.00000     
    61500.       0.00000       0.00000      -1005.58       0.00000     
    61600.       0.00000       0.00000      -1003.00       0.00000     
    61700.       0.00000       0.00000      -1000.47       0.00000     
    61800.       0.00000       0.00000      -997.975       0.00000     
    61900.       0.00000       0.00000      -995.521       0.00000     
    62000.       0.00000       0.00000      -993.103       0.00000     
    62100.       0.00000       0.00000      -990.720       0.00000     
    62200.       0.00000       0.00000      -988.370       0.00000     
    62300.       0.00000       0.00000      -986.052       0.00000     
    62400.       0.00000       0.00000      -983.764       0.00000     
    62500.       0.00000       0.00000      -981.504       0.00000     
    62600.       0.00000       0.00000      -979.272       0.00000     
    62700.       0.00000       0.00000      -977.066       0.00000     
    62800.       0.00000       0.00000      -974.885       0.00000     
    62900.       0.00000       0.00000      -972.728       0.00000     
    63000.       0.00000       0.00000      -970.594       0.00000     
    63100.       0.00000       0.00000      -968.482       0.00000     
    63200.       0.00000       0.00000      -966.390       0.00000     
    63300.       0.00000       0.00000      -964.218       0.00000     
    63400.       0.00000       0.00000      -962.270       0.00000     
    63500.       0.00000       0.00000      -960.234       0.00000     
    63600.       0.00000       0.00000      -958.215       0.00000     
    63700.       0.00000       0.00000      -956.208       0.00000     
    63800.       0.00000       0.00000      -954.204       0.00000     
    63900.       0.00000       0.00000      -952.151       0.00000     
    64000.       0.00000       0.00000      -951.686       0.00000     
    64100.       0.00000       0.00000      -948.631       0.00000     
    64200.       0.00000       0.00000      -946.637       0.00000     
    64300.       0.00000       0.00000      -944.713       0.00000     
    64400.       0.00000       0.00000      -942.818       0.00000     
    64500.       0.00000       0.00000      -940.942       0.00000     
    64600.       0.00000       0.00000      -939.082       0.00000     
    64700.       0.00000       0.00000      -937.237       0.00000     
    64800.       0.00000       0.00000      -935.406       0.00000     
    64900.       0.00000       0.00000      -933.588       0.00000     
    65000.       0.00000       0.00000      -931.783       0.00000     
    65100.       0.00000       0.00000      -929.990       0.00000     
    65200.       0.00000       0.00000      -928.209       0.00000     
    65300.       0.00000       0.00000      -926.440       0.00000     
    65400.       0.00000       0.00000      -924.682       0.00000     
    65500.       0.00000       0.00000      -922.934       0.00000     
    65600.       0.00000       0.00000      -921.198       0.00000     
    65700.       0.00000       0.00000      -919.471       0.00000     
    65800.       0.00000       0.00000      -917.755       0.00000     
    65900.       0.00000       0.00000      -916.049       0.00000     
    66000.       0.00000       0.00000      -914.353       0.00000     
    66100.       0.00000       0.00000      -912.666       0.00000     
    66200.       0.00000       0.00000      -910.988       0.00000     
    66300.       0.00000       0.00000      -909.320       0.00000     
    66400.       0.00000       0.00000      -907.660       0.00000     
    66500.       0.00000       0.00000      -906.009       0.00000     
    66600.       0.00000       0.00000      -904.367       0.00000     
    66700.       0.00000       0.00000      -902.734       0.00000     
    66800.       0.00000       0.00000      -901.108       0.00000     
    66900.       0.00000       0.00000      -899.491       0.00000     
    67000.       0.00000       0.00000      -897.882       0.00000     
    67100.       0.00000       0.00000      -896.280       0.00000     
    67200.       0.00000       0.00000      -894.687       0.00000     
    67300.       0.00000       0.00000      -893.101       0.00000     
    67400.       0.00000       0.00000      -891.522       0.00000     
    67500.       0.00000       0.00000      -889.951       0.00000     
    67600.       0.00000       0.00000      -888.387       0.00000     
    67700.       0.00000       0.00000      -886.830       0.00000     
    67800.       0.00000       0.00000      -885.280       0.00000     
    67900.       0.00000       0.00000      -883.737       0.00000     
    68000.       0.00000       0.00000      -882.200       0.00000     
    68100.       0.00000       0.00000      -880.671       0.00000     
    68200.       0.00000       0.00000      -879.148       0.00000     
    68300.       0.00000       0.00000      -877.631       0.00000     
    68400.       0.00000       0.00000      -876.121       0.00000     
    68500.       0.00000       0.00000      -874.617       0.00000     
    68600.       0.00000       0.00000      -873.120       0.00000     
    68700.       0.00000       0.00000      -871.628       0.00000     
    68800.       0.00000       0.00000      -870.143       0.00000     
    68900.       0.00000       0.00000      -868.664       0.00000     
    69000.       0.00000       0.00000      -867.190       0.00000     
    69100.       0.00000       0.00000      -865.722       0.00000     
    69200.       0.00000       0.00000      -864.260       0.00000     
    69300.       0.00000       0.00000      -862.804       0.00000     
    69400.       0.00000       0.00000      -861.353       0.00000     
    69500.       0.00000       0.00000      -859.908       0.00000     
    69600.       0.00000       0.00000      -858.468       0.00000     
    69700.       0.00000       0.00000      -857.034       0.00000     
    69800.       0.00000       0.00000      -855.605       0.00000     
    69900.       0.00000       0.00000      -854.181       0.00000     
    70000.       0.00000       0.00000      -852.762       0.00000     
    70100.       0.00000       0.00000      -851.349       0.00000     
    70200.       0.00000       0.00000      -849.941       0.00000     
    70300.       0.00000       0.00000      -848.537       0.00000     
    70400.       0.00000       0.00000      -847.139       0.00000     
    70500.       0.00000       0.00000      -845.745       0.00000     
    70600.       0.00000       0.00000      -844.357       0.00000     
    70700.       0.00000       0.00000      -842.973       0.00000     
    70800.       0.00000       0.00000      -841.594       0.00000     
    70900.       0.00000       0.00000      -840.220       0.00000     
    71000.       0.00000       0.00000      -838.850       0.00000     
    71100.       0.00000       0.00000      -837.485       0.00000     
    71200.       0.00000       0.00000      -836.124       0.00000     
    71300.       0.00000       0.00000      -834.768       0.00000     
    71400.       0.00000       0.00000      -833.417       0.00000     
    71500.       0.00000       0.00000      -832.069       0.00000     
    71600.       0.00000       0.00000      -830.726       0.00000     
    71700.       0.00000       0.00000      -829.388       0.00000     
    71800.       0.00000       0.00000      -828.054       0.00000     
    71900.       0.00000       0.00000      -826.724       0.00000     
    72000.       0.00000       0.00000      -825.398       0.00000     
